2.67365
2.80873
2.95979
3.62695
3.73265
3.90077
4.60753
4.78429
4.90699
5.60503
5.92544
11.6443
11.8378
12.6355
12.8664
13.6242
13.8295
14.6428
14.7229
14.8161
14.9043
15.6261
15.7467
15.8654
16.6149
16.7592
16.8474
17.7341
17.8442
18.6161
18.7648
18.854
19.6218
19.7325
19.8473
20.6137
20.7401
20.8543
21.6151
21.662
21.7063
23.5986
23.6448
23.6904
23.7258
24.6391
24.7261
24.8174
25.6226
25.7145
25.7615
26.6176
26.6508
26.702
26.7366
27.6474
27.6893
27.7399
27.7721
28.6061
28.6556
28.7019
28.745
28.7799
29.6093
29.7001
29.7468
30.6004
30.6454
30.693
30.7402
30.8334
31.6619
31.7052
31.7492
32.6045
32.6479
32.6943
33.6073
33.6527
33.6982
33.7331
35.597
40.7493
41.6045
41.6932
41.7388
43.6442
44.6498
45.6065
46.6779
46.723
58.5843
68.6826
72.6462
73.6713
86.7296
87.5888
88.6111
89.6847
90.6612
91.6137
182.026
215.981
232.969
235.954
262.991
288.933
298.923
304.889
326.896
