-40.87
-46.96
-47.39
-19.85
-13.47
-5.782
49.41
58.66
63.2
45.6
17.88
-45.5
-38.98
27.27
32.45
63.38
54.78
-1.34
-5.477
-10.73
-26.29
-50.68
-45.78
-57.54
10.56
12.91
16.4
63.64
60.48
26.29
5.988
-7.798
-43.62
-59.45
-58.6
-20.22
-8.064
5.596
56.41
59.26
66.78
-35.13
-37.3
-31.35
-42.57
-33.47
-27.46
-22.7
45.34
47.61
56.15
65.32
69.63
62.54
50.86
-22.66
-22.55
-31.82
-31.72
-44.12
-33.59
-37.1
-39.13
-35.32
25.09
35.69
41.17
61.33
58.98
63.07
56.86
50.98
-2.545
0.7633
-4.599
-38.53
-48.68
-38.84
2.696
11.46
14.02
17.55
19.74
-41.45
-21.47
-20.37
-21.67
49.31
-35.66
-38.28
34.98
37.54
-24
73.89
58.57
13.45
-21.9
-47.91
-1.292
60.15
10.59
-49.72
22.41
41.06
42.39
-40.99
61.66
47.51
-40.99
45.03
53.51
